Angle of attack : 5.0
x_ctrl_pts          CP
0.999958          -0.119795
0.999806          -3.02307
0.999584          -1.06681
0.999142          -0.233698
0.998479          0.00214196
0.997595          0.0295968
0.99649          0.000203469
0.995166          -0.0415384
0.993623          -0.0730475
0.991861          -0.078726
0.989882          -0.064962
0.987686          -0.0517167
0.985275          -0.0472087
0.982649          -0.04617
0.979809          -0.055155
0.976758          -0.0725271
0.973496          -0.0810588
0.970025          -0.0627383
0.966346          -0.0309426
0.962463          0.00345171
0.958374          0.0371971
0.954085          0.0659059
0.949594          0.081902
0.944906          0.0768298
0.940022          0.0457609
0.934944          -0.00775614
0.929675          -0.0647494
0.924217          -0.100613
0.918573          -0.108539
0.912745          -0.0967303
0.906735          -0.075954
0.900548          -0.0541141
0.894184          -0.0349
0.887649          -0.0191469
0.880942          -0.00635984
0.87407          0.00422587
0.867034          0.0131188
0.859838          0.0201732
0.852483          0.0249083
0.844977          0.0272294
0.837318          0.0276116
0.829514          0.0265714
0.821565          0.0247628
0.813478          0.023318
0.805252          0.0234211
0.796897          0.0255648
0.788409          0.0295078
0.779799          0.034707
0.771067          0.0405571
0.762218          0.0463879
0.753254          0.0515859
0.744183          0.0557029
0.735004          0.0585061
0.725727          0.0599484
0.716349          0.0601267
0.706881          0.0591868
0.697323          0.0572013
0.687681          0.0541465
0.677957          0.0499626
0.668159          0.0446831
0.658288          0.0385174
0.648351          0.0317889
0.638349          0.0248716
0.628291          0.0180713
0.618175          0.0116658
0.608013          0.00587943
0.597803          0.000830767
0.587554          -0.00331587
0.577267          -0.00648725
0.566949          -0.00875993
0.556603          -0.0101951
0.546235          -0.0109161
0.535847          -0.0112839
0.525447          -0.0114197
0.515036          -0.0113651
0.504622          -0.0110362
0.494204          -0.0105582
0.483794          -0.0098495
0.473389          -0.00873912
0.463          -0.00696407
0.452626          -0.00495718
0.442276          -0.00291261
0.431951          -0.000265719
0.421658          0.00272847
0.411399          0.00559789
0.40121          0.00858186
0.391091          0.0115222
0.381036          0.0143967
0.371045          0.0171987
0.361113          0.0199766
0.35124          0.0225592
0.341434          0.0250259
0.331695          0.0273247
0.322032          0.0295184
0.312442          0.0315191
0.302936          0.0329412
0.293513          0.0341979
0.284181          0.0362653
0.274939          0.0373274
0.265795          0.0366787
0.256749          0.0370639
0.247808          0.0385124
0.238974          0.0380825
0.230251          0.0371206
0.22164          0.0368611
0.213149          0.0364232
0.204778          0.0357884
0.196532          0.0346926
0.188414          0.0335249
0.180428          0.0343593
0.172575          0.0339689
0.164862          0.0300926
0.157288          0.0297832
0.14986          0.030312
0.142578          0.0288783
0.135448          0.0275464
0.12847          0.0260784
0.12165          0.026879
0.114988          0.0266222
0.10849          0.0226126
0.102155          0.0226884
0.0959888          0.0252078
0.0899922          0.0249027
0.08417          0.0256602
0.078522          0.0269103
0.0730535          0.0304331
0.0677645          0.0341382
0.0626598          0.0374858
0.0577393          0.0440914
0.0530078          0.0529376
0.0484653          0.0648683
0.0441155          0.071766
0.0399585          0.0807397
0.0359987          0.111953
0.0322362          0.123961
0.0286742          0.153447
0.0253128          0.173616
0.0221553          0.21037
0.0192018          0.236782
0.0164555          0.29713
0.0139165          0.346516
0.011587          0.385403
0.009467          0.424478
0.007559          0.574627
0.005863          0.627939
0.004381          0.68318
0.003113          0.771027
0.00206075          0.869583
0.00122425          0.92267
0.0006045          0.979577
0.0002015          0.999512
1.775e-05          0.994761
5.325e-05          0.97291
0.00031025          0.890273
0.00078875          0.840553
0.0014885          0.718355
0.0024095          0.626024
0.00355175          0.581441
0.00491525          0.536321
0.00649925          0.360539
0.00830375          0.33277
0.0103275          0.30169
0.0125705          0.259156
0.0150312          0.185472
0.0177097          0.164282
0.020604          0.148484
0.023714          0.113126
0.0270375          0.101708
0.0305745          0.0924341
0.0343225          0.0538853
0.0382815          0.0494882
0.042448          0.0465114
0.046822          0.0367322
0.0514          0.0288938
0.056182          0.0259255
0.0611642          0.0193778
0.0663467          0.0185796
0.0717248          0.0189219
0.0772983          0.0176035
0.0830627          0.0169319
0.0890182          0.0171928
0.0951595          0.0176566
0.101487          0.018835
0.107994          0.0196534
0.114681          0.0201212
0.121541          0.0215742
0.128576          0.0227726
0.135779          0.0228337
0.14315          0.0239135
0.150681          0.0241571
0.158375          0.0245011
0.166221          0.0251547
0.174222          0.0253572
0.182369          0.0247334
0.190662          0.0245258
0.199095          0.0240151
0.207666          0.0231531
0.216369          0.022084
0.225201          0.020532
0.234157          0.0197032
0.243235          0.01758
0.252427          0.0150193
0.261732          0.0136951
0.271143          0.010413
0.28066          0.00856566
0.290273          0.00675759
0.299982          0.00489401
0.309777          0.00354966
0.319661          0.00227041
0.329622          0.00161933
0.33966          0.00094252
0.349768          0.00148286
0.359943          0.00146535
0.370177          0.00162102
0.38047          0.0025456
0.3908          0.00310047
0.401167          0.00356277
0.411545          0.00467019
0.421934          0.00491931
0.432355          0.00535618
0.442806          0.00535325
0.45328          0.00596073
0.463775          0.00603654
0.474283          0.00528851
0.484802          0.00476423
0.495325          0.00648904
0.50585          0.00658232
0.516369          0.00431304
0.526882          0.00467457
0.537378          0.00591747
0.547859          0.00567123
0.558314          0.00605118
0.568745          0.00656268
0.579141          0.00688323
0.589503          0.00737937
0.599821          0.0093284
0.610096          0.0101398
0.620318          0.0120117
0.630487          0.0133403
0.640595          0.0156369
0.650642          0.0173213
0.660618          0.0205103
0.670524          0.0226856
0.680351          0.0249722
0.690099          0.0276462
0.699759          0.0306262
0.709332          0.0327929
0.718809          0.0355561
0.72819          0.0374539
0.737468          0.0391481
0.746641          0.0408534
0.755703          0.0428494
0.764652          0.0441464
0.773482          0.0453442
0.782193          0.0465075
0.790776          0.0484794
0.799232          0.0497318
0.807554          0.0496282
0.81574          0.0504325
0.823786          0.052502
0.83169          0.0531276
0.839446          0.0524235
0.847053          0.0529399
0.854506          0.0537838
0.861805          0.0534793
0.868942          0.053427
0.875919          0.0535424
0.882728          0.0546644
0.889371          0.0561998
0.895841          0.0585821
0.902138          0.0608464
0.908258          0.0632521
0.9142          0.065524
0.919959          0.068146
0.925536          0.0715099
0.930925          0.0760344
0.936126          0.0810797
0.941136          0.0868881
0.945954          0.0926994
0.950576          0.0979965
0.955002          0.100418
0.959229          0.0981586
0.963256          0.0935109
0.96708          0.08795
0.970701          0.0809139
0.974117          0.0768397
0.977326          0.0816768
0.980326          0.0908895
0.983119          0.100253
0.9857          0.112446
0.988071          0.120059
0.990228          0.103962
0.992173          0.129885
0.993903          0.313385
0.995419          0.551635
0.996719          0.716751
0.997804          0.85578
0.998672          0.925065
0.999323          0.891598
0.999758          0.581216
0.999975          -0.486411
1.00004          0.859
